Iteration,TotalDistance,MaxTime,TotalWasteCollected,SumofNodesVisited,AvgScore,Time
1,14298.282728041011,478.0941435676461,2412,231,0.35458992873237544,0.21603727340698242
2,14298.282728041011,478.0941435676461,2412,231,0.35458992873237544,0.19600224494934082
3,13952.301510636924,425.0066609131605,2409,230,0.34465316657192113,0.24797296524047852
4,13952.301510636924,425.0066609131605,2409,230,0.34465316657192113,0.21500182151794434
5,13952.301510636924,425.0066609131605,2409,230,0.34465316657192113,0.5180783271789551
6,13952.301510636924,425.0066609131605,2409,230,0.34465316657192113,0.2789583206176758
7,13952.301510636924,425.0066609131605,2409,230,0.34465316657192113,0.21400666236877441
8,13952.301510636924,425.0066609131605,2409,230,0.34465316657192113,0.20603418350219727
9,13952.301510636924,425.0066609131605,2409,230,0.34465316657192113,0.18903422355651855
10,13952.301510636924,425.0066609131605,2409,230,0.34465316657192113,0.18800020217895508
11,13952.301510636924,425.0066609131605,2409,230,0.34465316657192113,0.18495678901672363
12,13952.301510636924,425.0066609131605,2409,230,0.34465316657192113,0.1830430030822754
13,13952.301510636924,425.0066609131605,2409,230,0.34465316657192113,0.19499969482421875
14,13952.301510636924,425.0066609131605,2409,230,0.34465316657192113,0.19499778747558594
15,13952.301510636924,425.0066609131605,2409,230,0.34465316657192113,0.19202804565429688
16,13952.301510636924,425.0066609131605,2409,230,0.34465316657192113,0.21700334548950195
17,13952.301510636924,425.0066609131605,2409,230,0.34465316657192113,0.45803380012512207
18,13952.301510636924,425.0066609131605,2409,230,0.34465316657192113,0.2699620723724365
19,13952.301510636924,425.0066609131605,2409,230,0.34465316657192113,0.18104267120361328
20,13952.301510636924,425.0066609131605,2409,230,0.34465316657192113,0.20501041412353516
21,13952.301510636924,425.0066609131605,2409,230,0.34465316657192113,0.18404173851013184
22,13952.301510636924,425.0066609131605,2409,230,0.34465316657192113,0.18100214004516602
23,13952.301510636924,425.0066609131605,2409,230,0.34465316657192113,0.18903255462646484
24,14122.533414159916,510.1649742131328,2416,249,0.3342863238732918,0.19303464889526367
25,14122.533414159916,510.1649742131328,2416,249,0.3342863238732918,0.18999099731445312
26,14122.533414159916,510.1649742131328,2416,249,0.3342863238732918,0.18499255180358887
27,14122.533414159916,510.1649742131328,2416,249,0.3342863238732918,0.19296717643737793
28,14122.533414159916,510.1649742131328,2416,249,0.3342863238732918,0.1750326156616211
29,14122.533414159916,510.1649742131328,2416,249,0.3342863238732918,0.5499567985534668
30,14122.533414159916,510.1649742131328,2416,249,0.3342863238732918,0.30202722549438477
31,14122.533414159916,510.1649742131328,2416,249,0.3342863238732918,0.18000030517578125
32,14122.533414159916,510.1649742131328,2416,249,0.3342863238732918,0.18104290962219238
33,14122.533414159916,510.1649742131328,2416,249,0.3342863238732918,0.18500947952270508
34,14122.533414159916,510.1649742131328,2416,249,0.3342863238732918,0.19300603866577148
35,14122.533414159916,510.1649742131328,2416,249,0.3342863238732918,0.18900012969970703
36,14122.533414159916,510.1649742131328,2416,249,0.3342863238732918,0.1760258674621582
37,14122.533414159916,510.1649742131328,2416,249,0.3342863238732918,0.18499994277954102
38,14122.533414159916,510.1649742131328,2416,249,0.3342863238732918,0.19294428825378418
39,14122.533414159916,510.1649742131328,2416,249,0.3342863238732918,0.17904281616210938
40,14122.533414159916,510.1649742131328,2416,249,0.3342863238732918,0.19000792503356934
41,13230.77893034856,382.6266718731603,2416,229,0.330622120317273,0.388002872467041
42,13230.77893034856,382.6266718731603,2416,229,0.330622120317273,0.3092820644378662
43,13230.77893034856,382.6266718731603,2416,229,0.330622120317273,0.2559962272644043
44,13230.77893034856,382.6266718731603,2416,229,0.330622120317273,0.22001075744628906
45,13230.77893034856,382.6266718731603,2416,229,0.330622120317273,0.1989734172821045
46,13230.77893034856,382.6266718731603,2416,229,0.330622120317273,0.19995546340942383
47,13230.77893034856,382.6266718731603,2416,229,0.330622120317273,0.18697643280029297
48,13230.77893034856,382.6266718731603,2416,229,0.330622120317273,0.18899869918823242
49,13230.77893034856,382.6266718731603,2416,229,0.330622120317273,0.1879580020904541
50,13230.77893034856,382.6266718731603,2416,229,0.330622120317273,0.20099759101867676
51,13230.77893034856,382.6266718731603,2416,229,0.330622120317273,0.20403027534484863
52,13230.77893034856,382.6266718731603,2416,229,0.330622120317273,0.19301581382751465
53,13230.77893034856,382.6266718731603,2416,229,0.330622120317273,0.5160036087036133
54,14068.900508450122,413.6406516544836,2439,228,0.3259871069122285,0.275052547454834
55,14068.900508450122,413.6406516544836,2439,228,0.3259871069122285,0.23503565788269043
56,14068.900508450122,413.6406516544836,2439,228,0.3259871069122285,0.1900317668914795
57,14068.900508450122,413.6406516544836,2439,228,0.3259871069122285,0.1909632682800293
58,14068.900508450122,413.6406516544836,2439,228,0.3259871069122285,0.18003463745117188
59,14068.900508450122,413.6406516544836,2439,228,0.3259871069122285,0.1850433349609375
60,14068.900508450122,413.6406516544836,2439,228,0.3259871069122285,0.20303082466125488
61,14068.900508450122,413.6406516544836,2439,228,0.3259871069122285,0.19503355026245117
62,14068.900508450122,413.6406516544836,2439,228,0.3259871069122285,0.2370457649230957
63,14068.900508450122,413.6406516544836,2439,228,0.3259871069122285,0.18399906158447266
64,14068.900508450122,413.6406516544836,2439,228,0.3259871069122285,0.16502857208251953
65,14068.900508450122,413.6406516544836,2439,228,0.3259871069122285,0.44699883460998535
66,14068.900508450122,413.6406516544836,2439,228,0.3259871069122285,0.30300211906433105
67,14068.900508450122,413.6406516544836,2439,228,0.3259871069122285,0.2190098762512207
68,14068.900508450122,413.6406516544836,2439,228,0.3259871069122285,0.18395447731018066
69,14068.900508450122,413.6406516544836,2439,228,0.3259871069122285,0.18599319458007812
70,14068.900508450122,413.6406516544836,2439,228,0.3259871069122285,0.19204258918762207
71,14068.900508450122,413.6406516544836,2439,228,0.3259871069122285,0.19296765327453613
72,14068.900508450122,413.6406516544836,2439,228,0.3259871069122285,0.19001531600952148
73,14068.900508450122,413.6406516544836,2439,228,0.3259871069122285,0.19099974632263184
74,14068.900508450122,413.6406516544836,2439,228,0.3259871069122285,0.17698884010314941
75,14068.900508450122,413.6406516544836,2439,228,0.3259871069122285,0.19404172897338867
76,14068.900508450122,413.6406516544836,2439,228,0.3259871069122285,0.21499967575073242
77,14068.900508450122,413.6406516544836,2439,228,0.3259871069122285,0.5319857597351074
78,14068.900508450122,413.6406516544836,2439,228,0.3259871069122285,0.2639899253845215
79,14068.900508450122,413.6406516544836,2439,228,0.3259871069122285,0.2040412425994873
80,14068.900508450122,413.6406516544836,2439,228,0.3259871069122285,0.1850419044494629
81,14068.900508450122,413.6406516544836,2439,228,0.3259871069122285,0.18399858474731445
82,14068.900508450122,413.6406516544836,2439,228,0.3259871069122285,0.19803309440612793
83,14068.900508450122,413.6406516544836,2439,228,0.3259871069122285,0.18596744537353516
84,14068.900508450122,413.6406516544836,2439,228,0.3259871069122285,0.1910381317138672
85,14068.900508450122,413.6406516544836,2439,228,0.3259871069122285,0.17797279357910156
86,14068.900508450122,413.6406516544836,2439,228,0.3259871069122285,0.20198941230773926
87,14068.900508450122,413.6406516544836,2439,228,0.3259871069122285,0.19003033638000488
88,14068.900508450122,413.6406516544836,2439,228,0.3259871069122285,0.17803001403808594
89,14068.900508450122,413.6406516544836,2439,228,0.3259871069122285,0.3919637203216553
90,14068.900508450122,413.6406516544836,2439,228,0.3259871069122285,0.33199548721313477
91,14068.900508450122,413.6406516544836,2439,228,0.3259871069122285,0.24998879432678223
92,14068.900508450122,413.6406516544836,2439,228,0.3259871069122285,0.1869981288909912
93,14068.900508450122,413.6406516544836,2439,228,0.3259871069122285,0.17504191398620605
94,14068.900508450122,413.6406516544836,2439,228,0.3259871069122285,0.19504308700561523
95,14068.900508450122,413.6406516544836,2439,228,0.3259871069122285,0.20801067352294922
96,14068.900508450122,413.6406516544836,2439,228,0.3259871069122285,0.18503284454345703
97,14068.900508450122,413.6406516544836,2439,228,0.3259871069122285,0.18199849128723145
98,14068.900508450122,413.6406516544836,2439,228,0.3259871069122285,0.19695663452148438
99,14068.900508450122,413.6406516544836,2439,228,0.3259871069122285,0.19303154945373535
100,14068.900508450122,413.6406516544836,2439,228,0.3259871069122285,0.18903207778930664
101,14068.900508450122,413.6406516544836,2439,228,0.3259871069122285,0.3169999122619629
102,14068.900508450122,413.6406516544836,2439,228,0.3259871069122285,0.4089949131011963
103,14068.900508450122,413.6406516544836,2439,228,0.3259871069122285,0.28403639793395996
104,14068.900508450122,413.6406516544836,2439,228,0.3259871069122285,0.18196988105773926
105,14068.900508450122,413.6406516544836,2439,228,0.3259871069122285,0.1880323886871338
106,14068.900508450122,413.6406516544836,2439,228,0.3259871069122285,0.20099973678588867
107,14068.900508450122,413.6406516544836,2439,228,0.3259871069122285,0.1800367832183838
108,14068.900508450122,413.6406516544836,2439,228,0.3259871069122285,0.196946382522583
109,14068.900508450122,413.6406516544836,2439,228,0.3259871069122285,0.19102835655212402
110,14068.900508450122,413.6406516544836,2439,228,0.3259871069122285,0.19399714469909668
111,14068.900508450122,413.6406516544836,2439,228,0.3259871069122285,0.17704010009765625
112,14068.900508450122,413.6406516544836,2439,228,0.3259871069122285,0.18503642082214355
113,14068.900508450122,413.6406516544836,2439,228,0.3259871069122285,0.20296764373779297
114,14068.900508450122,413.6406516544836,2439,228,0.3259871069122285,0.48099684715270996
115,14068.900508450122,413.6406516544836,2439,228,0.3259871069122285,0.2709994316101074
116,14068.900508450122,413.6406516544836,2439,228,0.3259871069122285,0.1910102367401123
117,14068.900508450122,413.6406516544836,2439,228,0.3259871069122285,0.2000422477722168
118,14068.900508450122,413.6406516544836,2439,228,0.3259871069122285,0.19403457641601562
119,14068.900508450122,413.6406516544836,2439,228,0.3259871069122285,0.1860048770904541
120,14068.900508450122,413.6406516544836,2439,228,0.3259871069122285,0.18597960472106934
121,14068.900508450122,413.6406516544836,2439,228,0.3259871069122285,0.20702600479125977
122,14068.900508450122,413.6406516544836,2439,228,0.3259871069122285,0.18496417999267578
123,14068.900508450122,413.6406516544836,2439,228,0.3259871069122285,0.19404101371765137
124,14068.900508450122,413.6406516544836,2439,228,0.3259871069122285,0.23199677467346191
125,14068.900508450122,413.6406516544836,2439,228,0.3259871069122285,0.2729911804199219
126,14068.900508450122,413.6406516544836,2439,228,0.3259871069122285,0.42603349685668945
127,14068.900508450122,413.6406516544836,2439,228,0.3259871069122285,0.27897143363952637
128,14068.900508450122,413.6406516544836,2439,228,0.3259871069122285,0.18900203704833984
129,14068.900508450122,413.6406516544836,2439,228,0.3259871069122285,0.18298745155334473
130,14068.900508450122,413.6406516544836,2439,228,0.3259871069122285,0.18404936790466309
131,14068.900508450122,413.6406516544836,2439,228,0.3259871069122285,0.18901801109313965
132,14068.900508450122,413.6406516544836,2439,228,0.3259871069122285,0.18904638290405273
133,14068.900508450122,413.6406516544836,2439,228,0.3259871069122285,0.18402552604675293
134,14068.900508450122,413.6406516544836,2439,228,0.3259871069122285,0.182999849319458
135,14068.900508450122,413.6406516544836,2439,228,0.3259871069122285,0.1970043182373047
136,14068.900508450122,413.6406516544836,2439,228,0.3259871069122285,0.18404173851013184
137,14068.900508450122,413.6406516544836,2439,228,0.3259871069122285,0.19504070281982422
138,14068.900508450122,413.6406516544836,2439,228,0.3259871069122285,0.4899430274963379
139,14068.900508450122,413.6406516544836,2439,228,0.3259871069122285,0.26105308532714844
140,14068.900508450122,413.6406516544836,2439,228,0.3259871069122285,0.19704055786132812
141,14068.900508450122,413.6406516544836,2439,228,0.3259871069122285,0.1890103816986084
142,14068.900508450122,413.6406516544836,2439,228,0.3259871069122285,0.18700718879699707
143,14068.900508450122,413.6406516544836,2439,228,0.3259871069122285,0.19609451293945312
144,14068.900508450122,413.6406516544836,2439,228,0.3259871069122285,0.20205116271972656
145,14068.900508450122,413.6406516544836,2439,228,0.3259871069122285,0.18409252166748047
146,14068.900508450122,413.6406516544836,2439,228,0.3259871069122285,0.1930379867553711
147,14068.900508450122,413.6406516544836,2439,228,0.3259871069122285,0.18705010414123535
148,14068.900508450122,413.6406516544836,2439,228,0.3259871069122285,0.1880030632019043
149,14068.900508450122,413.6406516544836,2439,228,0.3259871069122285,0.22305011749267578
150,14068.900508450122,413.6406516544836,2439,228,0.3259871069122285,0.4970841407775879
151,14068.900508450122,413.6406516544836,2439,228,0.3259871069122285,0.2711203098297119
152,14068.900508450122,413.6406516544836,2439,228,0.3259871069122285,0.19899487495422363
153,14068.900508450122,413.6406516544836,2439,228,0.3259871069122285,0.18073415756225586
154,14068.900508450122,413.6406516544836,2439,228,0.3259871069122285,0.19599056243896484
155,14068.900508450122,413.6406516544836,2439,228,0.3259871069122285,0.1929936408996582
156,14068.900508450122,413.6406516544836,2439,228,0.3259871069122285,0.17603468894958496
157,14068.900508450122,413.6406516544836,2439,228,0.3259871069122285,0.19499826431274414
158,14068.900508450122,413.6406516544836,2439,228,0.3259871069122285,0.18002605438232422
159,14068.900508450122,413.6406516544836,2439,228,0.3259871069122285,0.17600631713867188
160,14068.900508450122,413.6406516544836,2439,228,0.3259871069122285,0.1829814910888672
161,14068.900508450122,413.6406516544836,2439,228,0.3259871069122285,0.19702386856079102
162,14068.900508450122,413.6406516544836,2439,228,0.3259871069122285,0.3589942455291748
163,14068.900508450122,413.6406516544836,2439,228,0.3259871069122285,0.34168481826782227
164,14068.900508450122,413.6406516544836,2439,228,0.3259871069122285,0.2570056915283203
165,14068.900508450122,413.6406516544836,2439,228,0.3259871069122285,0.21103549003601074
166,14068.900508450122,413.6406516544836,2439,228,0.3259871069122285,0.2019822597503662
167,14068.900508450122,413.6406516544836,2439,228,0.3259871069122285,0.1900348663330078
168,14068.900508450122,413.6406516544836,2439,228,0.3259871069122285,0.1999962329864502
169,14068.900508450122,413.6406516544836,2439,228,0.3259871069122285,0.18695521354675293
170,14068.900508450122,413.6406516544836,2439,228,0.3259871069122285,0.18509221076965332
171,14068.900508450122,413.6406516544836,2439,228,0.3259871069122285,0.20238542556762695
172,14068.900508450122,413.6406516544836,2439,228,0.3259871069122285,0.19995570182800293
173,14068.900508450122,413.6406516544836,2439,228,0.3259871069122285,0.1860055923461914
174,14068.900508450122,413.6406516544836,2439,228,0.3259871069122285,0.42702412605285645
175,14068.900508450122,413.6406516544836,2439,228,0.3259871069122285,0.33588361740112305
176,14068.900508450122,413.6406516544836,2439,228,0.3259871069122285,0.18004250526428223
177,14068.900508450122,413.6406516544836,2439,228,0.3259871069122285,0.18104171752929688
178,14068.900508450122,413.6406516544836,2439,228,0.3259871069122285,0.2012169361114502
179,14068.900508450122,413.6406516544836,2439,228,0.3259871069122285,0.19204998016357422
180,14068.900508450122,413.6406516544836,2439,228,0.3259871069122285,0.18699002265930176
181,14068.900508450122,413.6406516544836,2439,228,0.3259871069122285,0.2000434398651123
182,14068.900508450122,413.6406516544836,2439,228,0.3259871069122285,0.21893858909606934
183,14068.900508450122,413.6406516544836,2439,228,0.3259871069122285,0.18902063369750977
184,14068.900508450122,413.6406516544836,2439,228,0.3259871069122285,0.19303226470947266
185,14068.900508450122,413.6406516544836,2439,228,0.3259871069122285,0.190993070602417
186,14068.900508450122,413.6406516544836,2439,228,0.3259871069122285,0.4549846649169922
187,14068.900508450122,413.6406516544836,2439,228,0.3259871069122285,0.298048734664917
188,14068.900508450122,413.6406516544836,2439,228,0.3259871069122285,0.22602534294128418
189,14068.900508450122,413.6406516544836,2439,228,0.3259871069122285,0.19500088691711426
190,13758.898952723692,479.50030085360663,2394,238,0.31639338071607703,0.18799877166748047
191,13758.898952723692,479.50030085360663,2394,238,0.31639338071607703,0.18803071975708008
192,13758.898952723692,479.50030085360663,2394,238,0.31639338071607703,0.19095945358276367
193,13758.898952723692,479.50030085360663,2394,238,0.31639338071607703,0.25600695610046387
194,13758.898952723692,479.50030085360663,2394,238,0.31639338071607703,0.2230696678161621
195,13758.898952723692,479.50030085360663,2394,238,0.31639338071607703,0.18906402587890625
196,13758.898952723692,479.50030085360663,2394,238,0.31639338071607703,0.18100190162658691
197,13758.898952723692,479.50030085360663,2394,238,0.31639338071607703,0.18502449989318848
198,13758.898952723692,479.50030085360663,2394,238,0.31639338071607703,0.4899606704711914
199,13758.898952723692,479.50030085360663,2394,238,0.31639338071607703,0.2709996700286865
200,13758.898952723692,479.50030085360663,2394,238,0.31639338071607703,0.212022066116333
201,13758.898952723692,479.50030085360663,2394,238,0.31639338071607703,0.19197320938110352
202,13758.898952723692,479.50030085360663,2394,238,0.31639338071607703,0.1830282211303711
203,13758.898952723692,479.50030085360663,2394,238,0.31639338071607703,0.18700289726257324
204,13758.898952723692,479.50030085360663,2394,238,0.31639338071607703,0.17999911308288574
205,13758.898952723692,479.50030085360663,2394,238,0.31639338071607703,0.1940011978149414
206,13758.898952723692,479.50030085360663,2394,238,0.31639338071607703,0.18202900886535645
207,13758.898952723692,479.50030085360663,2394,238,0.31639338071607703,0.186981201171875
208,13758.898952723692,479.50030085360663,2394,238,0.31639338071607703,0.17904114723205566
209,13758.898952723692,479.50030085360663,2394,238,0.31639338071607703,0.1920456886291504
210,13758.898952723692,479.50030085360663,2394,238,0.31639338071607703,0.4809412956237793
211,13758.898952723692,479.50030085360663,2394,238,0.31639338071607703,0.2819981575012207
212,13758.898952723692,479.50030085360663,2394,238,0.31639338071607703,0.21600961685180664
213,13758.898952723692,479.50030085360663,2394,238,0.31639338071607703,0.18293428421020508
214,13758.898952723692,479.50030085360663,2394,238,0.31639338071607703,0.19900250434875488
215,13758.898952723692,479.50030085360663,2394,238,0.31639338071607703,0.1840357780456543
216,13758.898952723692,479.50030085360663,2394,238,0.31639338071607703,0.20895600318908691
217,13758.898952723692,479.50030085360663,2394,238,0.31639338071607703,0.18804216384887695
218,13758.898952723692,479.50030085360663,2394,238,0.31639338071607703,0.18503403663635254
219,13758.898952723692,479.50030085360663,2394,238,0.31639338071607703,0.18799090385437012
220,13758.898952723692,479.50030085360663,2394,238,0.31639338071607703,0.1990365982055664
221,13758.898952723692,479.50030085360663,2394,238,0.31639338071607703,0.18903541564941406
222,13758.898952723692,479.50030085360663,2394,238,0.31639338071607703,0.4689948558807373
223,13758.898952723692,479.50030085360663,2394,238,0.31639338071607703,0.2515232563018799
224,13758.898952723692,479.50030085360663,2394,238,0.31639338071607703,0.2260141372680664
225,13758.898952723692,479.50030085360663,2394,238,0.31639338071607703,0.1910092830657959
226,13758.898952723692,479.50030085360663,2394,238,0.31639338071607703,0.18698883056640625
227,13758.898952723692,479.50030085360663,2394,238,0.31639338071607703,0.19300007820129395
228,13758.898952723692,479.50030085360663,2394,238,0.31639338071607703,0.18199682235717773
229,13758.898952723692,479.50030085360663,2394,238,0.31639338071607703,0.19403696060180664
230,13758.898952723692,479.50030085360663,2394,238,0.31639338071607703,0.18900203704833984
231,13758.898952723692,479.50030085360663,2394,238,0.31639338071607703,0.19000005722045898
232,13758.898952723692,479.50030085360663,2394,238,0.31639338071607703,0.18600106239318848
233,13758.898952723692,479.50030085360663,2394,238,0.31639338071607703,0.19695758819580078
234,13758.898952723692,479.50030085360663,2394,238,0.31639338071607703,0.31198954582214355
235,13758.898952723692,479.50030085360663,2394,238,0.31639338071607703,0.4241068363189697
236,13758.898952723692,479.50030085360663,2394,238,0.31639338071607703,0.24403834342956543
237,13758.898952723692,479.50030085360663,2394,238,0.31639338071607703,0.17704224586486816
238,13758.898952723692,479.50030085360663,2394,238,0.31639338071607703,0.19299983978271484
239,13758.898952723692,479.50030085360663,2394,238,0.31639338071607703,0.21498847007751465
240,13758.898952723692,479.50030085360663,2394,238,0.31639338071607703,0.1900160312652588
241,13758.898952723692,479.50030085360663,2394,238,0.31639338071607703,0.23700499534606934
242,13758.898952723692,479.50030085360663,2394,238,0.31639338071607703,0.19103264808654785
243,13758.898952723692,479.50030085360663,2394,238,0.31639338071607703,0.19103670120239258
244,13758.898952723692,479.50030085360663,2394,238,0.31639338071607703,0.1859908103942871
245,13758.898952723692,479.50030085360663,2394,238,0.31639338071607703,0.19403791427612305
246,13758.898952723692,479.50030085360663,2394,238,0.31639338071607703,0.4909822940826416
247,13758.898952723692,479.50030085360663,2394,238,0.31639338071607703,0.25562500953674316
248,13758.898952723692,479.50030085360663,2394,238,0.31639338071607703,0.2020399570465088
249,13758.898952723692,479.50030085360663,2394,238,0.31639338071607703,0.1900348663330078
250,13758.898952723692,479.50030085360663,2394,238,0.31639338071607703,0.18303322792053223
251,13758.898952723692,479.50030085360663,2394,238,0.31639338071607703,0.18503355979919434
252,13758.898952723692,479.50030085360663,2394,238,0.31639338071607703,0.17997503280639648
253,13758.898952723692,479.50030085360663,2394,238,0.31639338071607703,0.19301128387451172
254,13758.898952723692,479.50030085360663,2394,238,0.31639338071607703,0.18400049209594727
255,13758.898952723692,479.50030085360663,2394,238,0.31639338071607703,0.18399906158447266
256,13758.898952723692,479.50030085360663,2394,238,0.31639338071607703,0.18399572372436523
257,12299.119985320041,416.48004068487194,2392,233,0.30717928201855316,0.19700050354003906
258,12299.119985320041,416.48004068487194,2392,233,0.30717928201855316,0.33799171447753906
259,12299.119985320041,416.48004068487194,2392,233,0.30717928201855316,0.39400148391723633
260,12299.119985320041,416.48004068487194,2392,233,0.30717928201855316,0.2530324459075928
261,12299.119985320041,416.48004068487194,2392,233,0.30717928201855316,0.20000696182250977
262,12299.119985320041,416.48004068487194,2392,233,0.30717928201855316,0.21004009246826172
263,12299.119985320041,416.48004068487194,2392,233,0.30717928201855316,0.1840379238128662
264,12299.119985320041,416.48004068487194,2392,233,0.30717928201855316,0.18099284172058105
265,12299.119985320041,416.48004068487194,2392,233,0.30717928201855316,0.1920337677001953
266,12299.119985320041,416.48004068487194,2392,233,0.30717928201855316,0.19102883338928223
267,12299.119985320041,416.48004068487194,2392,233,0.30717928201855316,0.19703388214111328
268,12299.119985320041,416.48004068487194,2392,233,0.30717928201855316,0.1849980354309082
269,12299.119985320041,416.48004068487194,2392,233,0.30717928201855316,0.18198370933532715
270,12299.119985320041,416.48004068487194,2392,233,0.30717928201855316,0.24900460243225098
271,12299.119985320041,416.48004068487194,2392,233,0.30717928201855316,0.41603517532348633
272,12299.119985320041,416.48004068487194,2392,233,0.30717928201855316,0.2809712886810303
273,12299.119985320041,416.48004068487194,2392,233,0.30717928201855316,0.1829986572265625
274,12299.119985320041,416.48004068487194,2392,233,0.30717928201855316,0.19601893424987793
275,12299.119985320041,416.48004068487194,2392,233,0.30717928201855316,0.18403220176696777
276,12299.119985320041,416.48004068487194,2392,233,0.30717928201855316,0.1930088996887207
277,12299.119985320041,416.48004068487194,2392,233,0.30717928201855316,0.18197178840637207
278,12299.119985320041,416.48004068487194,2392,233,0.30717928201855316,0.18702149391174316
279,12299.119985320041,416.48004068487194,2392,233,0.30717928201855316,0.20403051376342773
280,12299.119985320041,416.48004068487194,2392,233,0.30717928201855316,0.19899392127990723
281,12299.119985320041,416.48004068487194,2392,233,0.30717928201855316,0.18900179862976074
282,12299.119985320041,416.48004068487194,2392,233,0.30717928201855316,0.2089996337890625
283,12299.119985320041,416.48004068487194,2392,233,0.30717928201855316,0.5330071449279785
284,12299.119985320041,416.48004068487194,2392,233,0.30717928201855316,0.3149909973144531
285,12299.119985320041,416.48004068487194,2392,233,0.30717928201855316,0.20504117012023926
286,12299.119985320041,416.48004068487194,2392,233,0.30717928201855316,0.19498324394226074
287,12299.119985320041,416.48004068487194,2392,233,0.30717928201855316,0.18803071975708008
288,12299.119985320041,416.48004068487194,2392,233,0.30717928201855316,0.1830003261566162
289,12299.119985320041,416.48004068487194,2392,233,0.30717928201855316,0.19800400733947754
290,12299.119985320041,416.48004068487194,2392,233,0.30717928201855316,0.17703509330749512
291,12299.119985320041,416.48004068487194,2392,233,0.30717928201855316,0.1860198974609375
292,12299.119985320041,416.48004068487194,2392,233,0.30717928201855316,0.17999815940856934
293,12299.119985320041,416.48004068487194,2392,233,0.30717928201855316,0.21599674224853516
294,12299.119985320041,416.48004068487194,2392,233,0.30717928201855316,0.19803547859191895
295,12299.119985320041,416.48004068487194,2392,233,0.30717928201855316,0.4659581184387207
296,12299.119985320041,416.48004068487194,2392,233,0.30717928201855316,0.27622365951538086
297,12299.119985320041,416.48004068487194,2392,233,0.30717928201855316,0.18604278564453125
298,12299.119985320041,416.48004068487194,2392,233,0.30717928201855316,0.19302845001220703
299,12299.119985320041,416.48004068487194,2392,233,0.30717928201855316,0.1839897632598877
300,12299.119985320041,416.48004068487194,2392,233,0.30717928201855316,0.20595645904541016
301,12299.119985320041,416.48004068487194,2392,233,0.30717928201855316,0.21303677558898926
302,12299.119985320041,416.48004068487194,2392,233,0.30717928201855316,0.1889967918395996
303,12299.119985320041,416.48004068487194,2392,233,0.30717928201855316,0.18304014205932617
304,12299.119985320041,416.48004068487194,2392,233,0.30717928201855316,0.19299769401550293
305,12299.119985320041,416.48004068487194,2392,233,0.30717928201855316,0.1830432415008545
306,12299.119985320041,416.48004068487194,2392,233,0.30717928201855316,0.23699140548706055
307,12299.119985320041,416.48004068487194,2392,233,0.30717928201855316,0.522000789642334
308,12299.119985320041,416.48004068487194,2392,233,0.30717928201855316,0.2589857578277588
309,12299.119985320041,416.48004068487194,2392,233,0.30717928201855316,0.19204282760620117
310,12299.119985320041,416.48004068487194,2392,233,0.30717928201855316,0.18503856658935547
311,12299.119985320041,416.48004068487194,2392,233,0.30717928201855316,0.18098163604736328
312,12299.119985320041,416.48004068487194,2392,233,0.30717928201855316,0.18300414085388184
313,12299.119985320041,416.48004068487194,2392,233,0.30717928201855316,0.19100046157836914
314,12299.119985320041,416.48004068487194,2392,233,0.30717928201855316,0.18997716903686523
315,12299.119985320041,416.48004068487194,2392,233,0.30717928201855316,0.1909787654876709
316,12299.119985320041,416.48004068487194,2392,233,0.30717928201855316,0.1939990520477295
317,12299.119985320041,416.48004068487194,2392,233,0.30717928201855316,0.18503689765930176
318,12299.119985320041,416.48004068487194,2392,233,0.30717928201855316,0.1919994354248047
319,12299.119985320041,416.48004068487194,2392,233,0.30717928201855316,0.492023229598999
320,12299.119985320041,416.48004068487194,2392,233,0.30717928201855316,0.29169583320617676
321,12299.119985320041,416.48004068487194,2392,233,0.30717928201855316,0.17699885368347168
322,12299.119985320041,416.48004068487194,2392,233,0.30717928201855316,0.1910233497619629
323,12299.119985320041,416.48004068487194,2392,233,0.30717928201855316,0.17702651023864746
324,12299.119985320041,416.48004068487194,2392,233,0.30717928201855316,0.18204045295715332
325,12299.119985320041,416.48004068487194,2392,233,0.30717928201855316,0.18297433853149414
326,12299.119985320041,416.48004068487194,2392,233,0.30717928201855316,0.19498658180236816
327,12299.119985320041,416.48004068487194,2392,233,0.30717928201855316,0.18700027465820312
328,12299.119985320041,416.48004068487194,2392,233,0.30717928201855316,0.19101381301879883
329,12299.119985320041,416.48004068487194,2392,233,0.30717928201855316,0.17601609230041504
330,12299.119985320041,416.48004068487194,2392,233,0.30717928201855316,0.2220172882080078
331,12299.119985320041,416.48004068487194,2392,233,0.30717928201855316,0.5089662075042725
332,12299.119985320041,416.48004068487194,2392,233,0.30717928201855316,0.279050350189209
333,12299.119985320041,416.48004068487194,2392,233,0.30717928201855316,0.2000133991241455
334,12299.119985320041,416.48004068487194,2392,233,0.30717928201855316,0.19004249572753906
335,12299.119985320041,416.48004068487194,2392,233,0.30717928201855316,0.20096468925476074
336,12299.119985320041,416.48004068487194,2392,233,0.30717928201855316,0.18602633476257324
337,12299.119985320041,416.48004068487194,2392,233,0.30717928201855316,0.1759934425354004
338,12299.119985320041,416.48004068487194,2392,233,0.30717928201855316,0.2019948959350586
339,12299.119985320041,416.48004068487194,2392,233,0.30717928201855316,0.1810462474822998
340,12299.119985320041,416.48004068487194,2392,233,0.30717928201855316,0.18000125885009766
341,12299.119985320041,416.48004068487194,2392,233,0.30717928201855316,0.18398165702819824
342,12299.119985320041,416.48004068487194,2392,233,0.30717928201855316,0.19603681564331055
343,12299.119985320041,416.48004068487194,2392,233,0.30717928201855316,0.3929636478424072
344,12299.119985320041,416.48004068487194,2392,233,0.30717928201855316,0.28200745582580566
345,12299.119985320041,416.48004068487194,2392,233,0.30717928201855316,0.24899029731750488
346,12299.119985320041,416.48004068487194,2392,233,0.30717928201855316,0.18899869918823242
347,12299.119985320041,416.48004068487194,2392,233,0.30717928201855316,0.18899798393249512
348,12299.119985320041,416.48004068487194,2392,233,0.30717928201855316,0.17695307731628418
349,12299.119985320041,416.48004068487194,2392,233,0.30717928201855316,0.17903709411621094
350,12299.119985320041,416.48004068487194,2392,233,0.30717928201855316,0.1870269775390625
351,12299.119985320041,416.48004068487194,2392,233,0.30717928201855316,0.19196462631225586
352,12299.119985320041,416.48004068487194,2392,233,0.30717928201855316,0.1950225830078125
353,12299.119985320041,416.48004068487194,2392,233,0.30717928201855316,0.20795392990112305
354,12299.119985320041,416.48004068487194,2392,233,0.30717928201855316,0.19303131103515625
355,12299.119985320041,416.48004068487194,2392,233,0.30717928201855316,0.2790029048919678
356,12299.119985320041,416.48004068487194,2392,233,0.30717928201855316,0.437000036239624
357,12299.119985320041,416.48004068487194,2392,233,0.30717928201855316,0.25199437141418457
358,12299.119985320041,416.48004068487194,2392,233,0.30717928201855316,0.20299434661865234
359,12299.119985320041,416.48004068487194,2392,233,0.30717928201855316,0.18404364585876465
360,12299.119985320041,416.48004068487194,2392,233,0.30717928201855316,0.22002720832824707
361,12299.119985320041,416.48004068487194,2392,233,0.30717928201855316,0.18899965286254883
362,12299.119985320041,416.48004068487194,2392,233,0.30717928201855316,0.18903279304504395
363,12299.119985320041,416.48004068487194,2392,233,0.30717928201855316,0.19899487495422363
364,12299.119985320041,416.48004068487194,2392,233,0.30717928201855316,0.18399930000305176
365,12299.119985320041,416.48004068487194,2392,233,0.30717928201855316,0.18500423431396484
366,12299.119985320041,416.48004068487194,2392,233,0.30717928201855316,0.18204164505004883
367,12299.119985320041,416.48004068487194,2392,233,0.30717928201855316,0.3089604377746582
368,12299.119985320041,416.48004068487194,2392,233,0.30717928201855316,0.3683297634124756
369,12299.119985320041,416.48004068487194,2392,233,0.30717928201855316,0.2909982204437256
370,12299.119985320041,416.48004068487194,2392,233,0.30717928201855316,0.17604279518127441
371,12299.119985320041,416.48004068487194,2392,233,0.30717928201855316,0.20197105407714844
372,12299.119985320041,416.48004068487194,2392,233,0.30717928201855316,0.19403076171875
373,12299.119985320041,416.48004068487194,2392,233,0.30717928201855316,0.18498539924621582
374,12299.119985320041,416.48004068487194,2392,233,0.30717928201855316,0.18204283714294434
375,12299.119985320041,416.48004068487194,2392,233,0.30717928201855316,0.20798659324645996
376,12299.119985320041,416.48004068487194,2392,233,0.30717928201855316,0.19004392623901367
377,12299.119985320041,416.48004068487194,2392,233,0.30717928201855316,0.1890256404876709
378,12299.119985320041,416.48004068487194,2392,233,0.30717928201855316,0.18495607376098633
379,12299.119985320041,416.48004068487194,2392,233,0.30717928201855316,0.24895977973937988
380,12299.119985320041,416.48004068487194,2392,233,0.30717928201855316,0.47699999809265137
381,12299.119985320041,416.48004068487194,2392,233,0.30717928201855316,0.25803065299987793
382,12299.119985320041,416.48004068487194,2392,233,0.30717928201855316,0.1970360279083252
383,12299.119985320041,416.48004068487194,2392,233,0.30717928201855316,0.18696975708007812
384,12299.119985320041,416.48004068487194,2392,233,0.30717928201855316,0.18401503562927246
385,12299.119985320041,416.48004068487194,2392,233,0.30717928201855316,0.19299793243408203
386,12299.119985320041,416.48004068487194,2392,233,0.30717928201855316,0.19500041007995605
387,12299.119985320041,416.48004068487194,2392,233,0.30717928201855316,0.1929759979248047
388,12299.119985320041,416.48004068487194,2392,233,0.30717928201855316,0.18499994277954102
389,12299.119985320041,416.48004068487194,2392,233,0.30717928201855316,0.18799948692321777
390,12299.119985320041,416.48004068487194,2392,233,0.30717928201855316,0.18801140785217285
391,12299.119985320041,416.48004068487194,2392,233,0.30717928201855316,0.26099491119384766
392,12299.119985320041,416.48004068487194,2392,233,0.30717928201855316,0.42203354835510254
393,12299.119985320041,416.48004068487194,2392,233,0.30717928201855316,0.26896095275878906
394,12299.119985320041,416.48004068487194,2392,233,0.30717928201855316,0.19601154327392578
395,12299.119985320041,416.48004068487194,2392,233,0.30717928201855316,0.19001245498657227
396,12299.119985320041,416.48004068487194,2392,233,0.30717928201855316,0.19001102447509766
397,12299.119985320041,416.48004068487194,2392,233,0.30717928201855316,0.18498706817626953
398,12299.119985320041,416.48004068487194,2392,233,0.30717928201855316,0.21999692916870117
399,12299.119985320041,416.48004068487194,2392,233,0.30717928201855316,0.1870114803314209
400,12299.119985320041,416.48004068487194,2392,233,0.30717928201855316,0.19996929168701172
401,12299.119985320041,416.48004068487194,2392,233,0.30717928201855316,0.18703269958496094
402,12299.119985320041,416.48004068487194,2392,233,0.30717928201855316,0.18900251388549805
403,12299.119985320041,416.48004068487194,2392,233,0.30717928201855316,0.36298489570617676
404,12299.119985320041,416.48004068487194,2392,233,0.30717928201855316,0.39099860191345215
405,12299.119985320041,416.48004068487194,2392,233,0.30717928201855316,0.26700496673583984
406,12299.119985320041,416.48004068487194,2392,233,0.30717928201855316,0.19203472137451172
407,12299.119985320041,416.48004068487194,2392,233,0.30717928201855316,0.1980128288269043
408,12299.119985320041,416.48004068487194,2392,233,0.30717928201855316,0.18602752685546875
409,12299.119985320041,416.48004068487194,2392,233,0.30717928201855316,0.19403362274169922
410,12299.119985320041,416.48004068487194,2392,233,0.30717928201855316,0.18100261688232422
411,12299.119985320041,416.48004068487194,2392,233,0.30717928201855316,0.1820073127746582
412,12299.119985320041,416.48004068487194,2392,233,0.30717928201855316,0.1980292797088623
413,12299.119985320041,416.48004068487194,2392,233,0.30717928201855316,0.20697999000549316
414,12299.119985320041,416.48004068487194,2392,233,0.30717928201855316,0.18703317642211914
415,12299.119985320041,416.48004068487194,2392,233,0.30717928201855316,0.26700520515441895
416,12299.119985320041,416.48004068487194,2392,233,0.30717928201855316,0.4010283946990967
417,12299.119985320041,416.48004068487194,2392,233,0.30717928201855316,0.27593994140625
418,12299.119985320041,416.48004068487194,2392,233,0.30717928201855316,0.19004321098327637
419,12299.119985320041,416.48004068487194,2392,233,0.30717928201855316,0.1810317039489746
420,12299.119985320041,416.48004068487194,2392,233,0.30717928201855316,0.20397472381591797
421,12299.119985320041,416.48004068487194,2392,233,0.30717928201855316,0.23404145240783691
422,12299.119985320041,416.48004068487194,2392,233,0.30717928201855316,0.19399714469909668
423,12299.119985320041,416.48004068487194,2392,233,0.30717928201855316,0.18602466583251953
424,12299.119985320041,416.48004068487194,2392,233,0.30717928201855316,0.19199919700622559
425,12299.119985320041,416.48004068487194,2392,233,0.30717928201855316,0.18303394317626953
426,12299.119985320041,416.48004068487194,2392,233,0.30717928201855316,0.17901062965393066
427,12299.119985320041,416.48004068487194,2392,233,0.30717928201855316,0.2839627265930176
428,12299.119985320041,416.48004068487194,2392,233,0.30717928201855316,0.4180030822753906
429,12299.119985320041,416.48004068487194,2392,233,0.30717928201855316,0.27599000930786133
430,12299.119985320041,416.48004068487194,2392,233,0.30717928201855316,0.1910104751586914
431,12299.119985320041,416.48004068487194,2392,233,0.30717928201855316,0.1790318489074707
432,12299.119985320041,416.48004068487194,2392,233,0.30717928201855316,0.19298338890075684
433,12299.119985320041,416.48004068487194,2392,233,0.30717928201855316,0.19100642204284668
434,12299.119985320041,416.48004068487194,2392,233,0.30717928201855316,0.1899878978729248
435,12299.119985320041,416.48004068487194,2392,233,0.30717928201855316,0.18999862670898438
436,12299.119985320041,416.48004068487194,2392,233,0.30717928201855316,0.18199968338012695
437,12299.119985320041,416.48004068487194,2392,233,0.30717928201855316,0.18602228164672852
438,12299.119985320041,416.48004068487194,2392,233,0.30717928201855316,0.19001078605651855
439,12299.119985320041,416.48004068487194,2392,233,0.30717928201855316,0.188035249710083
440,12299.119985320041,416.48004068487194,2392,233,0.30717928201855316,0.47795963287353516
441,12299.119985320041,416.48004068487194,2392,233,0.30717928201855316,0.2670018672943115
442,12299.119985320041,416.48004068487194,2392,233,0.30717928201855316,0.20304083824157715
443,12299.119985320041,416.48004068487194,2392,233,0.30717928201855316,0.2080214023590088
444,12299.119985320041,416.48004068487194,2392,233,0.30717928201855316,0.1879894733428955
445,12299.119985320041,416.48004068487194,2392,233,0.30717928201855316,0.18397951126098633
446,12299.119985320041,416.48004068487194,2392,233,0.30717928201855316,0.18702244758605957
447,12299.119985320041,416.48004068487194,2392,233,0.30717928201855316,0.21000409126281738
448,12299.119985320041,416.48004068487194,2392,233,0.30717928201855316,0.19500017166137695
449,12299.119985320041,416.48004068487194,2392,233,0.30717928201855316,0.1930243968963623
450,12299.119985320041,416.48004068487194,2392,233,0.30717928201855316,0.18495631217956543
451,12299.119985320041,416.48004068487194,2392,233,0.30717928201855316,0.20803380012512207
452,12299.119985320041,416.48004068487194,2392,233,0.30717928201855316,0.5049984455108643
453,12299.119985320041,416.48004068487194,2392,233,0.30717928201855316,0.251666784286499
454,12299.119985320041,416.48004068487194,2392,233,0.30717928201855316,0.21699762344360352
455,12299.119985320041,416.48004068487194,2392,233,0.30717928201855316,0.187028169631958
456,12299.119985320041,416.48004068487194,2392,233,0.30717928201855316,0.19098997116088867
457,12299.119985320041,416.48004068487194,2392,233,0.30717928201855316,0.18203401565551758
458,12299.119985320041,416.48004068487194,2392,233,0.30717928201855316,0.20401692390441895
459,12299.119985320041,416.48004068487194,2392,233,0.30717928201855316,0.21597766876220703
460,12299.119985320041,416.48004068487194,2392,233,0.30717928201855316,0.19004082679748535
461,12299.119985320041,416.48004068487194,2392,233,0.30717928201855316,0.19498801231384277
462,12299.119985320041,416.48004068487194,2392,233,0.30717928201855316,0.18398714065551758
463,12299.119985320041,416.48004068487194,2392,233,0.30717928201855316,0.19996356964111328
464,12299.119985320041,416.48004068487194,2392,233,0.30717928201855316,0.5019996166229248
465,12299.119985320041,416.48004068487194,2392,233,0.30717928201855316,0.2780027389526367
466,12299.119985320041,416.48004068487194,2392,233,0.30717928201855316,0.22004175186157227
467,12299.119985320041,416.48004068487194,2392,233,0.30717928201855316,0.20102238655090332
468,12299.119985320041,416.48004068487194,2392,233,0.30717928201855316,0.20998907089233398
469,12299.119985320041,416.48004068487194,2392,233,0.30717928201855316,0.18604302406311035
470,12299.119985320041,416.48004068487194,2392,233,0.30717928201855316,0.18402743339538574
471,12299.119985320041,416.48004068487194,2392,233,0.30717928201855316,0.19403600692749023
472,12299.119985320041,416.48004068487194,2392,233,0.30717928201855316,0.1970212459564209
473,12299.119985320041,416.48004068487194,2392,233,0.30717928201855316,0.21399188041687012
474,12299.119985320041,416.48004068487194,2392,233,0.30717928201855316,0.18803739547729492
475,12299.119985320041,416.48004068487194,2392,233,0.30717928201855316,0.2149646282196045
476,12299.119985320041,416.48004068487194,2392,233,0.30717928201855316,0.47951674461364746
477,12299.119985320041,416.48004068487194,2392,233,0.30717928201855316,0.2735741138458252
478,12299.119985320041,416.48004068487194,2392,233,0.30717928201855316,0.18502449989318848
479,12299.119985320041,416.48004068487194,2392,233,0.30717928201855316,0.2270057201385498
480,12299.119985320041,416.48004068487194,2392,233,0.30717928201855316,0.19204187393188477
481,12299.119985320041,416.48004068487194,2392,233,0.30717928201855316,0.18796277046203613
482,12299.119985320041,416.48004068487194,2392,233,0.30717928201855316,0.18004131317138672
483,12299.119985320041,416.48004068487194,2392,233,0.30717928201855316,0.1790018081665039
484,12299.119985320041,416.48004068487194,2392,233,0.30717928201855316,0.19999408721923828
485,12299.119985320041,416.48004068487194,2392,233,0.30717928201855316,0.181016206741333
486,12299.119985320041,416.48004068487194,2392,233,0.30717928201855316,0.17701172828674316
487,12299.119985320041,416.48004068487194,2392,233,0.30717928201855316,0.20093631744384766
488,12299.119985320041,416.48004068487194,2392,233,0.30717928201855316,0.49500441551208496
489,12299.119985320041,416.48004068487194,2392,233,0.30717928201855316,0.2919900417327881
490,12299.119985320041,416.48004068487194,2392,233,0.30717928201855316,0.19004416465759277
491,12299.119985320041,416.48004068487194,2392,233,0.30717928201855316,0.1949923038482666
492,12299.119985320041,416.48004068487194,2392,233,0.30717928201855316,0.18499374389648438
493,12299.119985320041,416.48004068487194,2392,233,0.30717928201855316,0.18702912330627441
494,12299.119985320041,416.48004068487194,2392,233,0.30717928201855316,0.18800044059753418
495,12299.119985320041,416.48004068487194,2392,233,0.30717928201855316,0.20295405387878418
496,12299.119985320041,416.48004068487194,2392,233,0.30717928201855316,0.20802736282348633
497,12299.119985320041,416.48004068487194,2392,233,0.30717928201855316,0.18899059295654297
498,12299.119985320041,416.48004068487194,2392,233,0.30717928201855316,0.1829986572265625
499,12299.119985320041,416.48004068487194,2392,233,0.30717928201855316,0.19496440887451172
500,12299.119985320041,416.48004068487194,2392,233,0.30717928201855316,0.48099851608276367
501,12299.119985320041,416.48004068487194,2392,233,0.30717928201855316,0.28300046920776367
502,12299.119985320041,416.48004068487194,2392,233,0.30717928201855316,0.1840226650238037
503,12299.119985320041,416.48004068487194,2392,233,0.30717928201855316,0.192030668258667
504,12299.119985320041,416.48004068487194,2392,233,0.30717928201855316,0.20400786399841309
505,12299.119985320041,416.48004068487194,2392,233,0.30717928201855316,0.1810283660888672
506,12299.119985320041,416.48004068487194,2392,233,0.30717928201855316,0.18499970436096191
507,12299.119985320041,416.48004068487194,2392,233,0.30717928201855316,0.19196367263793945
508,12299.119985320041,416.48004068487194,2392,233,0.30717928201855316,0.19399189949035645
509,12299.119985320041,416.48004068487194,2392,233,0.30717928201855316,0.17504143714904785
510,12299.119985320041,416.48004068487194,2392,233,0.30717928201855316,0.18796372413635254
511,12299.119985320041,416.48004068487194,2392,233,0.30717928201855316,0.18899846076965332
512,12299.119985320041,416.48004068487194,2392,233,0.30717928201855316,0.5405750274658203
513,12299.119985320041,416.48004068487194,2392,233,0.30717928201855316,0.2565920352935791
514,12299.119985320041,416.48004068487194,2392,233,0.30717928201855316,0.18700695037841797
515,12299.119985320041,416.48004068487194,2392,233,0.30717928201855316,0.19001102447509766
516,12299.119985320041,416.48004068487194,2392,233,0.30717928201855316,0.18999981880187988
517,12299.119985320041,416.48004068487194,2392,233,0.30717928201855316,0.19100618362426758
518,12299.119985320041,416.48004068487194,2392,233,0.30717928201855316,0.2069706916809082
519,12299.119985320041,416.48004068487194,2392,233,0.30717928201855316,0.18307995796203613
520,12299.119985320041,416.48004068487194,2392,233,0.30717928201855316,0.19403648376464844
521,12299.119985320041,416.48004068487194,2392,233,0.30717928201855316,0.18103551864624023
522,12299.119985320041,416.48004068487194,2392,233,0.30717928201855316,0.1979982852935791
523,12299.119985320041,416.48004068487194,2392,233,0.30717928201855316,0.18854689598083496
524,12299.119985320041,416.48004068487194,2392,233,0.30717928201855316,0.4966433048248291
525,12299.119985320041,416.48004068487194,2392,233,0.30717928201855316,0.3019979000091553
526,12299.119985320041,416.48004068487194,2392,233,0.30717928201855316,0.1830458641052246
527,12299.119985320041,416.48004068487194,2392,233,0.30717928201855316,0.1920173168182373
528,12299.119985320041,416.48004068487194,2392,233,0.30717928201855316,0.19001483917236328
529,12299.119985320041,416.48004068487194,2392,233,0.30717928201855316,0.18803644180297852
530,12299.119985320041,416.48004068487194,2392,233,0.30717928201855316,0.1869981288909912
531,12299.119985320041,416.48004068487194,2392,233,0.30717928201855316,0.18199682235717773
532,12299.119985320041,416.48004068487194,2392,233,0.30717928201855316,0.1860339641571045
533,12299.119985320041,416.48004068487194,2392,233,0.30717928201855316,0.18796539306640625
534,12299.119985320041,416.48004068487194,2392,233,0.30717928201855316,0.19211292266845703
535,12299.119985320041,416.48004068487194,2392,233,0.30717928201855316,0.18204450607299805
536,12299.119985320041,416.48004068487194,2392,233,0.30717928201855316,0.38196301460266113
537,12299.119985320041,416.48004068487194,2392,233,0.30717928201855316,0.35004329681396484
538,12299.119985320041,416.48004068487194,2392,233,0.30717928201855316,0.2700622081756592
539,12299.119985320041,416.48004068487194,2392,233,0.30717928201855316,0.20998334884643555
540,12299.119985320041,416.48004068487194,2392,233,0.30717928201855316,0.19103717803955078
541,12299.119985320041,416.48004068487194,2392,233,0.30717928201855316,0.21197509765625
542,12299.119985320041,416.48004068487194,2392,233,0.30717928201855316,0.18987083435058594
543,12299.119985320041,416.48004068487194,2392,233,0.30717928201855316,0.1810295581817627
544,12299.119985320041,416.48004068487194,2392,233,0.30717928201855316,0.18200945854187012
545,12299.119985320041,416.48004068487194,2392,233,0.30717928201855316,0.20094609260559082
546,12299.119985320041,416.48004068487194,2392,233,0.30717928201855316,0.18505072593688965
547,12299.119985320041,416.48004068487194,2392,233,0.30717928201855316,0.17497920989990234
548,12299.119985320041,416.48004068487194,2392,233,0.30717928201855316,0.38698387145996094
549,12299.119985320041,416.48004068487194,2392,233,0.30717928201855316,0.31112098693847656
550,12299.119985320041,416.48004068487194,2392,233,0.30717928201855316,0.25200772285461426
551,12299.119985320041,416.48004068487194,2392,233,0.30717928201855316,0.18201470375061035
552,12299.119985320041,416.48004068487194,2392,233,0.30717928201855316,0.18695569038391113
553,12299.119985320041,416.48004068487194,2392,233,0.30717928201855316,0.19835925102233887
554,12299.119985320041,416.48004068487194,2392,233,0.30717928201855316,0.18598675727844238
555,12299.119985320041,416.48004068487194,2392,233,0.30717928201855316,0.1880953311920166
556,12299.119985320041,416.48004068487194,2392,233,0.30717928201855316,0.18199944496154785
557,12299.119985320041,416.48004068487194,2392,233,0.30717928201855316,0.18895459175109863
558,12299.119985320041,416.48004068487194,2392,233,0.30717928201855316,0.17998027801513672
559,12299.119985320041,416.48004068487194,2392,233,0.30717928201855316,0.18503999710083008
560,12299.119985320041,416.48004068487194,2392,233,0.30717928201855316,0.25399160385131836
561,12299.119985320041,416.48004068487194,2392,233,0.30717928201855316,0.4620547294616699
562,12299.119985320041,416.48004068487194,2392,233,0.30717928201855316,0.27899765968322754
563,12299.119985320041,416.48004068487194,2392,233,0.30717928201855316,0.19493699073791504
564,12299.119985320041,416.48004068487194,2392,233,0.30717928201855316,0.20402836799621582
565,12299.119985320041,416.48004068487194,2392,233,0.30717928201855316,0.18943572044372559
566,12299.119985320041,416.48004068487194,2392,233,0.30717928201855316,0.18811511993408203
567,12299.119985320041,416.48004068487194,2392,233,0.30717928201855316,0.18324851989746094
568,12299.119985320041,416.48004068487194,2392,233,0.30717928201855316,0.19199275970458984
569,12299.119985320041,416.48004068487194,2392,233,0.30717928201855316,0.1910419464111328
570,12299.119985320041,416.48004068487194,2392,233,0.30717928201855316,0.18697404861450195
571,12299.119985320041,416.48004068487194,2392,233,0.30717928201855316,0.18695640563964844
572,12299.119985320041,416.48004068487194,2392,233,0.30717928201855316,0.1830000877380371
573,12299.119985320041,416.48004068487194,2392,233,0.30717928201855316,0.4770474433898926
574,12299.119985320041,416.48004068487194,2392,233,0.30717928201855316,0.282024621963501
575,12299.119985320041,416.48004068487194,2392,233,0.30717928201855316,0.18804264068603516
576,12299.119985320041,416.48004068487194,2392,233,0.30717928201855316,0.20003533363342285
577,12299.119985320041,416.48004068487194,2392,233,0.30717928201855316,0.19098234176635742
578,12299.119985320041,416.48004068487194,2392,233,0.30717928201855316,0.19100093841552734
579,12299.119985320041,416.48004068487194,2392,233,0.30717928201855316,0.20403409004211426
580,12299.119985320041,416.48004068487194,2392,233,0.30717928201855316,0.19402050971984863
581,12299.119985320041,416.48004068487194,2392,233,0.30717928201855316,0.1919994354248047
582,12299.119985320041,416.48004068487194,2392,233,0.30717928201855316,0.1780085563659668
583,12299.119985320041,416.48004068487194,2392,233,0.30717928201855316,0.1989579200744629
584,12299.119985320041,416.48004068487194,2392,233,0.30717928201855316,0.22600388526916504
585,12299.119985320041,416.48004068487194,2392,233,0.30717928201855316,0.4440329074859619
586,12299.119985320041,416.48004068487194,2392,233,0.30717928201855316,0.27596354484558105
587,12299.119985320041,416.48004068487194,2392,233,0.30717928201855316,0.19204163551330566
588,12299.119985320041,416.48004068487194,2392,233,0.30717928201855316,0.18904471397399902
589,12299.119985320041,416.48004068487194,2392,233,0.30717928201855316,0.17502236366271973
590,12299.119985320041,416.48004068487194,2392,233,0.30717928201855316,0.19895482063293457
591,12299.119985320041,416.48004068487194,2392,233,0.30717928201855316,0.1870431900024414
592,12299.119985320041,416.48004068487194,2392,233,0.30717928201855316,0.1880333423614502
593,12299.119985320041,416.48004068487194,2392,233,0.30717928201855316,0.18397998809814453
594,12299.119985320041,416.48004068487194,2392,233,0.30717928201855316,0.18399763107299805
595,12299.119985320041,416.48004068487194,2392,233,0.30717928201855316,0.19900012016296387
596,12299.119985320041,416.48004068487194,2392,233,0.30717928201855316,0.19999909400939941
597,12299.119985320041,416.48004068487194,2392,233,0.30717928201855316,0.489987850189209
598,12299.119985320041,416.48004068487194,2392,233,0.30717928201855316,0.25896453857421875
599,12299.119985320041,416.48004068487194,2392,233,0.30717928201855316,0.23403549194335938
600,12299.119985320041,416.48004068487194,2392,233,0.30717928201855316,0.17800092697143555
601,12299.119985320041,416.48004068487194,2392,233,0.30717928201855316,0.18994450569152832
602,12299.119985320041,416.48004068487194,2392,233,0.30717928201855316,0.19495248794555664
603,12299.119985320041,416.48004068487194,2392,233,0.30717928201855316,0.19304442405700684
604,12299.119985320041,416.48004068487194,2392,233,0.30717928201855316,0.1830005645751953
605,12299.119985320041,416.48004068487194,2392,233,0.30717928201855316,0.18698716163635254
606,12299.119985320041,416.48004068487194,2392,233,0.30717928201855316,0.21099138259887695
607,12299.119985320041,416.48004068487194,2392,233,0.30717928201855316,0.19704389572143555
608,12299.119985320041,416.48004068487194,2392,233,0.30717928201855316,0.17499995231628418
609,12299.119985320041,416.48004068487194,2392,233,0.30717928201855316,0.49652886390686035
610,12299.119985320041,416.48004068487194,2392,233,0.30717928201855316,0.2989983558654785
611,12299.119985320041,416.48004068487194,2392,233,0.30717928201855316,0.2000429630279541
612,12299.119985320041,416.48004068487194,2392,233,0.30717928201855316,0.21100640296936035
613,12299.119985320041,416.48004068487194,2392,233,0.30717928201855316,0.19001531600952148
614,12299.119985320041,416.48004068487194,2392,233,0.30717928201855316,0.19200682640075684
615,12299.119985320041,416.48004068487194,2392,233,0.30717928201855316,0.19099998474121094
616,12299.119985320041,416.48004068487194,2392,233,0.30717928201855316,0.18499755859375
617,12299.119985320041,416.48004068487194,2392,233,0.30717928201855316,0.1810293197631836
618,12299.119985320041,416.48004068487194,2392,233,0.30717928201855316,0.18301725387573242
619,12299.119985320041,416.48004068487194,2392,233,0.30717928201855316,0.19000649452209473
620,12299.119985320041,416.48004068487194,2392,233,0.30717928201855316,0.19400882720947266
621,12299.119985320041,416.48004068487194,2392,233,0.30717928201855316,0.4889998435974121
622,12299.119985320041,416.48004068487194,2392,233,0.30717928201855316,0.26700329780578613
623,12299.119985320041,416.48004068487194,2392,233,0.30717928201855316,0.17904448509216309
624,12299.119985320041,416.48004068487194,2392,233,0.30717928201855316,0.18894100189208984
625,14403.734269504224,442.63837719190303,2441,245,0.2975157491513462,0.18204331398010254
626,14403.734269504224,442.63837719190303,2441,245,0.2975157491513462,0.18498444557189941
627,14403.734269504224,442.63837719190303,2441,245,0.2975157491513462,0.17503666877746582
628,14403.734269504224,442.63837719190303,2441,245,0.2975157491513462,0.1860358715057373
629,14403.734269504224,442.63837719190303,2441,245,0.2975157491513462,0.2139725685119629
630,14403.734269504224,442.63837719190303,2441,245,0.2975157491513462,0.18999791145324707
631,14403.734269504224,442.63837719190303,2441,245,0.2975157491513462,0.1830439567565918
632,14403.734269504224,442.63837719190303,2441,245,0.2975157491513462,0.18392729759216309
633,14403.734269504224,442.63837719190303,2441,245,0.2975157491513462,0.4269886016845703
634,14403.734269504224,442.63837719190303,2441,245,0.2975157491513462,0.34153151512145996
635,14403.734269504224,442.63837719190303,2441,245,0.2975157491513462,0.20700788497924805
636,14403.734269504224,442.63837719190303,2441,245,0.2975157491513462,0.18596959114074707
637,14403.734269504224,442.63837719190303,2441,245,0.2975157491513462,0.18102741241455078
638,14403.734269504224,442.63837719190303,2441,245,0.2975157491513462,0.18893671035766602
639,14403.734269504224,442.63837719190303,2441,245,0.2975157491513462,0.18906164169311523
640,14403.734269504224,442.63837719190303,2441,245,0.2975157491513462,0.18500781059265137
641,14403.734269504224,442.63837719190303,2441,245,0.2975157491513462,0.19202756881713867
642,14403.734269504224,442.63837719190303,2441,245,0.2975157491513462,0.19099664688110352
643,14403.734269504224,442.63837719190303,2441,245,0.2975157491513462,0.18299579620361328
644,14403.734269504224,442.63837719190303,2441,245,0.2975157491513462,0.19501090049743652
645,14403.734269504224,442.63837719190303,2441,245,0.2975157491513462,0.33897829055786133
646,14403.734269504224,442.63837719190303,2441,245,0.2975157491513462,0.371995210647583
647,14403.734269504224,442.63837719190303,2441,245,0.2975157491513462,0.233018159866333
648,14403.734269504224,442.63837719190303,2441,245,0.2975157491513462,0.18397974967956543
649,14403.734269504224,442.63837719190303,2441,245,0.2975157491513462,0.19402384757995605
650,14403.734269504224,442.63837719190303,2441,245,0.2975157491513462,0.18903017044067383
651,14403.734269504224,442.63837719190303,2441,245,0.2975157491513462,0.19099688529968262
652,14403.734269504224,442.63837719190303,2441,245,0.2975157491513462,0.21200060844421387
653,14403.734269504224,442.63837719190303,2441,245,0.2975157491513462,0.18299365043640137
654,14403.734269504224,442.63837719190303,2441,245,0.2975157491513462,0.18900108337402344
655,14403.734269504224,442.63837719190303,2441,245,0.2975157491513462,0.18303203582763672
656,14403.734269504224,442.63837719190303,2441,245,0.2975157491513462,0.1959974765777588
657,14403.734269504224,442.63837719190303,2441,245,0.2975157491513462,0.35695958137512207
658,14403.734269504224,442.63837719190303,2441,245,0.2975157491513462,0.34003663063049316
659,14403.734269504224,442.63837719190303,2441,245,0.2975157491513462,0.3209834098815918
660,14403.734269504224,442.63837719190303,2441,245,0.2975157491513462,0.189971923828125
661,14403.734269504224,442.63837719190303,2441,245,0.2975157491513462,0.19103193283081055
662,14403.734269504224,442.63837719190303,2441,245,0.2975157491513462,0.19002223014831543
663,14403.734269504224,442.63837719190303,2441,245,0.2975157491513462,0.1769697666168213
664,14403.734269504224,442.63837719190303,2441,245,0.2975157491513462,0.19499945640563965
665,14403.734269504224,442.63837719190303,2441,245,0.2975157491513462,0.18700051307678223
666,14403.734269504224,442.63837719190303,2441,245,0.2975157491513462,0.1890408992767334
667,14403.734269504224,442.63837719190303,2441,245,0.2975157491513462,0.18799781799316406
668,14403.734269504224,442.63837719190303,2441,245,0.2975157491513462,0.1900465488433838
669,14403.734269504224,442.63837719190303,2441,245,0.2975157491513462,0.20200324058532715
670,14403.734269504224,442.63837719190303,2441,245,0.2975157491513462,0.491955041885376
671,14403.734269504224,442.63837719190303,2441,245,0.2975157491513462,0.2720472812652588
672,14403.734269504224,442.63837719190303,2441,245,0.2975157491513462,0.1950082778930664
673,14403.734269504224,442.63837719190303,2441,245,0.2975157491513462,0.19099974632263184
674,14403.734269504224,442.63837719190303,2441,245,0.2975157491513462,0.20598840713500977
675,14403.734269504224,442.63837719190303,2441,245,0.2975157491513462,0.1999988555908203
676,14403.734269504224,442.63837719190303,2441,245,0.2975157491513462,0.1880168914794922
677,14403.734269504224,442.63837719190303,2441,245,0.2975157491513462,0.1839587688446045
678,14403.734269504224,442.63837719190303,2441,245,0.2975157491513462,0.19099783897399902
679,14403.734269504224,442.63837719190303,2441,245,0.2975157491513462,0.19104313850402832
680,14403.734269504224,442.63837719190303,2441,245,0.2975157491513462,0.19295763969421387
681,14403.734269504224,442.63837719190303,2441,245,0.2975157491513462,0.24800467491149902
682,14403.734269504224,442.63837719190303,2441,245,0.2975157491513462,0.44503021240234375
683,14403.734269504224,442.63837719190303,2441,245,0.2975157491513462,0.25896430015563965
684,14403.734269504224,442.63837719190303,2441,245,0.2975157491513462,0.2019956111907959
685,14403.734269504224,442.63837719190303,2441,245,0.2975157491513462,0.1900007724761963
686,14403.734269504224,442.63837719190303,2441,245,0.2975157491513462,0.19097304344177246
687,14403.734269504224,442.63837719190303,2441,245,0.2975157491513462,0.18703174591064453
688,14403.734269504224,442.63837719190303,2441,245,0.2975157491513462,0.1880033016204834
689,14403.734269504224,442.63837719190303,2441,245,0.2975157491513462,0.1900005340576172
690,14403.734269504224,442.63837719190303,2441,245,0.2975157491513462,0.17996740341186523
691,14403.734269504224,442.63837719190303,2441,245,0.2975157491513462,0.19099903106689453
692,14403.734269504224,442.63837719190303,2441,245,0.2975157491513462,0.18598246574401855
693,14403.734269504224,442.63837719190303,2441,245,0.2975157491513462,0.19496846199035645
694,14403.734269504224,442.63837719190303,2441,245,0.2975157491513462,0.5239899158477783
695,14403.734269504224,442.63837719190303,2441,245,0.2975157491513462,0.275986909866333
696,14403.734269504224,442.63837719190303,2441,245,0.2975157491513462,0.27200984954833984
697,14403.734269504224,442.63837719190303,2441,245,0.2975157491513462,0.2149975299835205
698,14403.734269504224,442.63837719190303,2441,245,0.2975157491513462,0.196044921875
699,14403.734269504224,442.63837719190303,2441,245,0.2975157491513462,0.19499492645263672
700,14403.734269504224,442.63837719190303,2441,245,0.2975157491513462,0.18403077125549316
701,14403.734269504224,442.63837719190303,2441,245,0.2975157491513462,0.18600153923034668
702,14403.734269504224,442.63837719190303,2441,245,0.2975157491513462,0.1910398006439209
703,14403.734269504224,442.63837719190303,2441,245,0.2975157491513462,0.21103644371032715
704,14403.734269504224,442.63837719190303,2441,245,0.2975157491513462,0.23498868942260742
705,14403.734269504224,442.63837719190303,2441,245,0.2975157491513462,0.29299116134643555
706,14403.734269504224,442.63837719190303,2441,245,0.2975157491513462,0.39412593841552734
707,14403.734269504224,442.63837719190303,2441,245,0.2975157491513462,0.2890045642852783
708,14403.734269504224,442.63837719190303,2441,245,0.2975157491513462,0.1900196075439453
709,14403.734269504224,442.63837719190303,2441,245,0.2975157491513462,0.1920011043548584
710,14403.734269504224,442.63837719190303,2441,245,0.2975157491513462,0.18999743461608887
711,14403.734269504224,442.63837719190303,2441,245,0.2975157491513462,0.2010021209716797
712,14403.734269504224,442.63837719190303,2441,245,0.2975157491513462,0.1969907283782959
713,14403.734269504224,442.63837719190303,2441,245,0.2975157491513462,0.20203566551208496
714,14403.734269504224,442.63837719190303,2441,245,0.2975157491513462,0.17799878120422363
715,14403.734269504224,442.63837719190303,2441,245,0.2975157491513462,0.19803380966186523
716,14403.734269504224,442.63837719190303,2441,245,0.2975157491513462,0.18204331398010254
717,14403.734269504224,442.63837719190303,2441,245,0.2975157491513462,0.3719635009765625
718,14403.734269504224,442.63837719190303,2441,245,0.2975157491513462,0.38353800773620605
719,14403.734269504224,442.63837719190303,2441,245,0.2975157491513462,0.25899648666381836
720,14403.734269504224,442.63837719190303,2441,245,0.2975157491513462,0.193009614944458
721,14403.734269504224,442.63837719190303,2441,245,0.2975157491513462,0.17399835586547852
722,14403.734269504224,442.63837719190303,2441,245,0.2975157491513462,0.19399046897888184
723,14403.734269504224,442.63837719190303,2441,245,0.2975157491513462,0.22503256797790527
724,14403.734269504224,442.63837719190303,2441,245,0.2975157491513462,0.2470250129699707
725,14403.734269504224,442.63837719190303,2441,245,0.2975157491513462,0.19200491905212402
726,14403.734269504224,442.63837719190303,2441,245,0.2975157491513462,0.22199130058288574
727,14403.734269504224,442.63837719190303,2441,245,0.2975157491513462,0.18401050567626953
728,14403.734269504224,442.63837719190303,2441,245,0.2975157491513462,0.19500136375427246
729,14403.734269504224,442.63837719190303,2441,245,0.2975157491513462,0.5489606857299805
730,14403.734269504224,442.63837719190303,2441,245,0.2975157491513462,0.22103667259216309
731,14403.734269504224,442.63837719190303,2441,245,0.2975157491513462,0.1940019130706787
732,14403.734269504224,442.63837719190303,2441,245,0.2975157491513462,0.21497273445129395
733,14403.734269504224,442.63837719190303,2441,245,0.2975157491513462,0.2060391902923584
734,14403.734269504224,442.63837719190303,2441,245,0.2975157491513462,0.18195128440856934
735,14403.734269504224,442.63837719190303,2441,245,0.2975157491513462,0.18404102325439453
736,14403.734269504224,442.63837719190303,2441,245,0.2975157491513462,0.19400811195373535
737,14403.734269504224,442.63837719190303,2441,245,0.2975157491513462,0.1870260238647461
738,14403.734269504224,442.63837719190303,2441,245,0.2975157491513462,0.18301773071289062
739,14403.734269504224,442.63837719190303,2441,245,0.2975157491513462,0.19398069381713867
740,14403.734269504224,442.63837719190303,2441,245,0.2975157491513462,0.3910033702850342
741,14403.734269504224,442.63837719190303,2441,245,0.2975157491513462,0.3609931468963623
742,14403.734269504224,442.63837719190303,2441,245,0.2975157491513462,0.2360060214996338
743,14403.734269504224,442.63837719190303,2441,245,0.2975157491513462,0.2230358123779297
744,14403.734269504224,442.63837719190303,2441,245,0.2975157491513462,0.20101356506347656
745,14403.734269504224,442.63837719190303,2441,245,0.2975157491513462,0.2010335922241211
746,14403.734269504224,442.63837719190303,2441,245,0.2975157491513462,0.18302154541015625
747,14403.734269504224,442.63837719190303,2441,245,0.2975157491513462,0.18404126167297363
748,14403.734269504224,442.63837719190303,2441,245,0.2975157491513462,0.21400094032287598
749,14403.734269504224,442.63837719190303,2441,245,0.2975157491513462,0.19503211975097656
750,14403.734269504224,442.63837719190303,2441,245,0.2975157491513462,0.18000340461730957
751,14403.734269504224,442.63837719190303,2441,245,0.2975157491513462,0.19304251670837402
752,14403.734269504224,442.63837719190303,2441,245,0.2975157491513462,0.4740009307861328
753,14403.734269504224,442.63837719190303,2441,245,0.2975157491513462,0.2249741554260254
754,14403.734269504224,442.63837719190303,2441,245,0.2975157491513462,0.24899840354919434
755,14403.734269504224,442.63837719190303,2441,245,0.2975157491513462,0.1870436668395996
756,14403.734269504224,442.63837719190303,2441,245,0.2975157491513462,0.1920323371887207
757,14403.734269504224,442.63837719190303,2441,245,0.2975157491513462,0.19203972816467285
758,14403.734269504224,442.63837719190303,2441,245,0.2975157491513462,0.1999986171722412
759,14403.734269504224,442.63837719190303,2441,245,0.2975157491513462,0.18404483795166016
760,14403.734269504224,442.63837719190303,2441,245,0.2975157491513462,0.19496822357177734
761,14403.734269504224,442.63837719190303,2441,245,0.2975157491513462,0.1810319423675537
762,14403.734269504224,442.63837719190303,2441,245,0.2975157491513462,0.1810457706451416
763,14403.734269504224,442.63837719190303,2441,245,0.2975157491513462,0.1759777069091797
764,14403.734269504224,442.63837719190303,2441,245,0.2975157491513462,0.2119607925415039
765,14403.734269504224,442.63837719190303,2441,245,0.2975157491513462,0.4849984645843506
766,14403.734269504224,442.63837719190303,2441,245,0.2975157491513462,0.2879981994628906
767,14403.734269504224,442.63837719190303,2441,245,0.2975157491513462,0.18204259872436523
768,14403.734269504224,442.63837719190303,2441,245,0.2975157491513462,0.18597650527954102
769,14403.734269504224,442.63837719190303,2441,245,0.2975157491513462,0.19304275512695312
770,14403.734269504224,442.63837719190303,2441,245,0.2975157491513462,0.19091320037841797
771,14403.734269504224,442.63837719190303,2441,245,0.2975157491513462,0.21204090118408203
772,14403.734269504224,442.63837719190303,2441,245,0.2975157491513462,0.20001530647277832
773,14403.734269504224,442.63837719190303,2441,245,0.2975157491513462,0.18004274368286133
774,14403.734269504224,442.63837719190303,2441,245,0.2975157491513462,0.17699289321899414
775,14403.734269504224,442.63837719190303,2441,245,0.2975157491513462,0.19302749633789062
776,14403.734269504224,442.63837719190303,2441,245,0.2975157491513462,0.20000195503234863
777,14403.734269504224,442.63837719190303,2441,245,0.2975157491513462,0.4920077323913574
778,14403.734269504224,442.63837719190303,2441,245,0.2975157491513462,0.27599644660949707
779,14403.734269504224,442.63837719190303,2441,245,0.2975157491513462,0.19104361534118652
780,14403.734269504224,442.63837719190303,2441,245,0.2975157491513462,0.19701528549194336
781,14403.734269504224,442.63837719190303,2441,245,0.2975157491513462,0.19699907302856445
782,14403.734269504224,442.63837719190303,2441,245,0.2975157491513462,0.18303346633911133
783,14403.734269504224,442.63837719190303,2441,245,0.2975157491513462,0.18300867080688477
784,14403.734269504224,442.63837719190303,2441,245,0.2975157491513462,0.19199585914611816
785,14403.734269504224,442.63837719190303,2441,245,0.2975157491513462,0.18199801445007324
786,14403.734269504224,442.63837719190303,2441,245,0.2975157491513462,0.18901944160461426
787,14403.734269504224,442.63837719190303,2441,245,0.2975157491513462,0.2090296745300293
788,14403.734269504224,442.63837719190303,2441,245,0.2975157491513462,0.18801450729370117
789,14403.734269504224,442.63837719190303,2441,245,0.2975157491513462,0.517153263092041
790,14403.734269504224,442.63837719190303,2441,245,0.2975157491513462,0.2889742851257324
791,14403.734269504224,442.63837719190303,2441,245,0.2975157491513462,0.18404030799865723
792,14403.734269504224,442.63837719190303,2441,245,0.2975157491513462,0.1930255889892578
793,14403.734269504224,442.63837719190303,2441,245,0.2975157491513462,0.20696711540222168
794,14403.734269504224,442.63837719190303,2441,245,0.2975157491513462,0.18500256538391113
795,14403.734269504224,442.63837719190303,2441,245,0.2975157491513462,0.18001103401184082
796,14403.734269504224,442.63837719190303,2441,245,0.2975157491513462,0.17902112007141113
797,14403.734269504224,442.63837719190303,2441,245,0.2975157491513462,0.18201136589050293
798,14403.734269504224,442.63837719190303,2441,245,0.2975157491513462,0.19902396202087402
799,14403.734269504224,442.63837719190303,2441,245,0.2975157491513462,0.1830437183380127
800,14403.734269504224,442.63837719190303,2441,245,0.2975157491513462,0.2080378532409668
801,14403.734269504224,442.63837719190303,2441,245,0.2975157491513462,0.46511363983154297
802,14403.734269504224,442.63837719190303,2441,245,0.2975157491513462,0.2819995880126953
803,14403.734269504224,442.63837719190303,2441,245,0.2975157491513462,0.1780073642730713
804,14403.734269504224,442.63837719190303,2441,245,0.2975157491513462,0.22994422912597656
805,14403.734269504224,442.63837719190303,2441,245,0.2975157491513462,0.20398616790771484
806,14403.734269504224,442.63837719190303,2441,245,0.2975157491513462,0.19300198554992676
807,14403.734269504224,442.63837719190303,2441,245,0.2975157491513462,0.19504189491271973
808,14403.734269504224,442.63837719190303,2441,245,0.2975157491513462,0.18702411651611328
809,14403.734269504224,442.63837719190303,2441,245,0.2975157491513462,0.1930403709411621
810,14403.734269504224,442.63837719190303,2441,245,0.2975157491513462,0.1940007209777832
811,14403.734269504224,442.63837719190303,2441,245,0.2975157491513462,0.18303847312927246
812,14403.734269504224,442.63837719190303,2441,245,0.2975157491513462,0.1979973316192627
813,14403.734269504224,442.63837719190303,2441,245,0.2975157491513462,0.5289995670318604
814,14403.734269504224,442.63837719190303,2441,245,0.2975157491513462,0.2789905071258545
815,14403.734269504224,442.63837719190303,2441,245,0.2975157491513462,0.1990213394165039
816,14403.734269504224,442.63837719190303,2441,245,0.2975157491513462,0.21102380752563477
817,14403.734269504224,442.63837719190303,2441,245,0.2975157491513462,0.19604277610778809
818,14403.734269504224,442.63837719190303,2441,245,0.2975157491513462,0.22802400588989258
819,14403.734269504224,442.63837719190303,2441,245,0.2975157491513462,0.17899823188781738
820,14403.734269504224,442.63837719190303,2441,245,0.2975157491513462,0.18204188346862793
821,14403.734269504224,442.63837719190303,2441,245,0.2975157491513462,0.196990966796875
822,14403.734269504224,442.63837719190303,2441,245,0.2975157491513462,0.1890420913696289
823,14403.734269504224,442.63837719190303,2441,245,0.2975157491513462,0.19398760795593262
824,14403.734269504224,442.63837719190303,2441,245,0.2975157491513462,0.298978328704834
825,14403.734269504224,442.63837719190303,2441,245,0.2975157491513462,0.4199991226196289
826,14403.734269504224,442.63837719190303,2441,245,0.2975157491513462,0.22904181480407715
827,14403.734269504224,442.63837719190303,2441,245,0.2975157491513462,0.18895411491394043
828,14403.734269504224,442.63837719190303,2441,245,0.2975157491513462,0.20099163055419922
829,14403.734269504224,442.63837719190303,2441,245,0.2975157491513462,0.18500280380249023
830,14403.734269504224,442.63837719190303,2441,245,0.2975157491513462,0.1919996738433838
831,14403.734269504224,442.63837719190303,2441,245,0.2975157491513462,0.18299245834350586
832,14403.734269504224,442.63837719190303,2441,245,0.2975157491513462,0.18604302406311035
833,14403.734269504224,442.63837719190303,2441,245,0.2975157491513462,0.20196938514709473
834,14403.734269504224,442.63837719190303,2441,245,0.2975157491513462,0.1860032081604004
835,14403.734269504224,442.63837719190303,2441,245,0.2975157491513462,0.19299817085266113
836,14403.734269504224,442.63837719190303,2441,245,0.2975157491513462,0.2349865436553955
837,14403.734269504224,442.63837719190303,2441,245,0.2975157491513462,0.46404266357421875
838,14403.734269504224,442.63837719190303,2441,245,0.2975157491513462,0.3100087642669678
839,14403.734269504224,442.63837719190303,2441,245,0.2975157491513462,0.20100021362304688
840,14403.734269504224,442.63837719190303,2441,245,0.2975157491513462,0.18803119659423828
841,14403.734269504224,442.63837719190303,2441,245,0.2975157491513462,0.23295927047729492
842,14403.734269504224,442.63837719190303,2441,245,0.2975157491513462,0.20603489875793457
843,14403.734269504224,442.63837719190303,2441,245,0.2975157491513462,0.18200016021728516
844,14403.734269504224,442.63837719190303,2441,245,0.2975157491513462,0.18695592880249023
845,14403.734269504224,442.63837719190303,2441,245,0.2975157491513462,0.1809995174407959
846,14403.734269504224,442.63837719190303,2441,245,0.2975157491513462,0.18003439903259277
847,14403.734269504224,442.63837719190303,2441,245,0.2975157491513462,0.17498183250427246
848,14403.734269504224,442.63837719190303,2441,245,0.2975157491513462,0.24199485778808594
849,14403.734269504224,442.63837719190303,2441,245,0.2975157491513462,0.41004037857055664
850,14403.734269504224,442.63837719190303,2441,245,0.2975157491513462,0.28398919105529785
851,14403.734269504224,442.63837719190303,2441,245,0.2975157491513462,0.17604470252990723
852,14403.734269504224,442.63837719190303,2441,245,0.2975157491513462,0.18700337409973145
853,14403.734269504224,442.63837719190303,2441,245,0.2975157491513462,0.1860332489013672
854,14403.734269504224,442.63837719190303,2441,245,0.2975157491513462,0.1790463924407959
855,14403.734269504224,442.63837719190303,2441,245,0.2975157491513462,0.18503260612487793
856,14403.734269504224,442.63837719190303,2441,245,0.2975157491513462,0.17998719215393066
857,14403.734269504224,442.63837719190303,2441,245,0.2975157491513462,0.1889970302581787
858,14403.734269504224,442.63837719190303,2441,245,0.2975157491513462,0.19497966766357422
859,14403.734269504224,442.63837719190303,2441,245,0.2975157491513462,0.18398284912109375
860,14403.734269504224,442.63837719190303,2441,245,0.2975157491513462,0.19800090789794922
861,14403.734269504224,442.63837719190303,2441,245,0.2975157491513462,0.5280106067657471
862,14403.734269504224,442.63837719190303,2441,245,0.2975157491513462,0.2519979476928711
863,14403.734269504224,442.63837719190303,2441,245,0.2975157491513462,0.21700811386108398
864,14403.734269504224,442.63837719190303,2441,245,0.2975157491513462,0.19103217124938965
865,14403.734269504224,442.63837719190303,2441,245,0.2975157491513462,0.1879439353942871
866,14403.734269504224,442.63837719190303,2441,245,0.2975157491513462,0.24003243446350098
867,14403.734269504224,442.63837719190303,2441,245,0.2975157491513462,0.1930079460144043
868,14403.734269504224,442.63837719190303,2441,245,0.2975157491513462,0.21503996849060059
869,14403.734269504224,442.63837719190303,2441,245,0.2975157491513462,0.19995808601379395
870,14403.734269504224,442.63837719190303,2441,245,0.2975157491513462,0.18499493598937988
871,14403.734269504224,442.63837719190303,2441,245,0.2975157491513462,0.19004082679748535
872,14403.734269504224,442.63837719190303,2441,245,0.2975157491513462,0.20703458786010742
873,14403.734269504224,442.63837719190303,2441,245,0.2975157491513462,0.4710569381713867
874,14403.734269504224,442.63837719190303,2441,245,0.2975157491513462,0.27594876289367676
875,14403.734269504224,442.63837719190303,2441,245,0.2975157491513462,0.19703984260559082
876,14403.734269504224,442.63837719190303,2441,245,0.2975157491513462,0.18799614906311035
877,14403.734269504224,442.63837719190303,2441,245,0.2975157491513462,0.18799400329589844
878,14403.734269504224,442.63837719190303,2441,245,0.2975157491513462,0.18804359436035156
879,14403.734269504224,442.63837719190303,2441,245,0.2975157491513462,0.19200348854064941
880,14403.734269504224,442.63837719190303,2441,245,0.2975157491513462,0.18201804161071777
881,14403.734269504224,442.63837719190303,2441,245,0.2975157491513462,0.177001953125
882,14403.734269504224,442.63837719190303,2441,245,0.2975157491513462,0.18604183197021484
883,14403.734269504224,442.63837719190303,2441,245,0.2975157491513462,0.19300031661987305
884,14403.734269504224,442.63837719190303,2441,245,0.2975157491513462,0.20004558563232422
885,14403.734269504224,442.63837719190303,2441,245,0.2975157491513462,0.4509851932525635
886,14403.734269504224,442.63837719190303,2441,245,0.2975157491513462,0.2919950485229492
887,14403.734269504224,442.63837719190303,2441,245,0.2975157491513462,0.245042085647583
888,14403.734269504224,442.63837719190303,2441,245,0.2975157491513462,0.19498324394226074
889,14403.734269504224,442.63837719190303,2441,245,0.2975157491513462,0.18797588348388672
890,14403.734269504224,442.63837719190303,2441,245,0.2975157491513462,0.17998433113098145
891,14403.734269504224,442.63837719190303,2441,245,0.2975157491513462,0.18003296852111816
892,14403.734269504224,442.63837719190303,2441,245,0.2975157491513462,0.18798279762268066
893,14403.734269504224,442.63837719190303,2441,245,0.2975157491513462,0.19299912452697754
894,14403.734269504224,442.63837719190303,2441,245,0.2975157491513462,0.1870419979095459
895,14403.734269504224,442.63837719190303,2441,245,0.2975157491513462,0.19703078269958496
896,14403.734269504224,442.63837719190303,2441,245,0.2975157491513462,0.20301008224487305
897,14403.734269504224,442.63837719190303,2441,245,0.2975157491513462,0.4319930076599121
898,14403.734269504224,442.63837719190303,2441,245,0.2975157491513462,0.31513381004333496
899,14403.734269504224,442.63837719190303,2441,245,0.2975157491513462,0.20103788375854492
900,14403.734269504224,442.63837719190303,2441,245,0.2975157491513462,0.18601155281066895
901,14403.734269504224,442.63837719190303,2441,245,0.2975157491513462,0.1870429515838623
902,14403.734269504224,442.63837719190303,2441,245,0.2975157491513462,0.18301868438720703
903,14403.734269504224,442.63837719190303,2441,245,0.2975157491513462,0.19003891944885254
904,14403.734269504224,442.63837719190303,2441,245,0.2975157491513462,0.1890428066253662
905,14403.734269504224,442.63837719190303,2441,245,0.2975157491513462,0.18598556518554688
906,14403.734269504224,442.63837719190303,2441,245,0.2975157491513462,0.19701433181762695
907,14403.734269504224,442.63837719190303,2441,245,0.2975157491513462,0.19501948356628418
908,14403.734269504224,442.63837719190303,2441,245,0.2975157491513462,0.17798185348510742
909,14403.734269504224,442.63837719190303,2441,245,0.2975157491513462,0.37099480628967285
910,14403.734269504224,442.63837719190303,2441,245,0.2975157491513462,0.3910086154937744
911,14403.734269504224,442.63837719190303,2441,245,0.2975157491513462,0.2439889907836914
912,14403.734269504224,442.63837719190303,2441,245,0.2975157491513462,0.19299983978271484
913,14403.734269504224,442.63837719190303,2441,245,0.2975157491513462,0.18602967262268066
914,14403.734269504224,442.63837719190303,2441,245,0.2975157491513462,0.19099974632263184
915,14403.734269504224,442.63837719190303,2441,245,0.2975157491513462,0.18200087547302246
916,14403.734269504224,442.63837719190303,2441,245,0.2975157491513462,0.19197559356689453
917,14403.734269504224,442.63837719190303,2441,245,0.2975157491513462,0.19197940826416016
918,14403.734269504224,442.63837719190303,2441,245,0.2975157491513462,0.17900776863098145
919,14403.734269504224,442.63837719190303,2441,245,0.2975157491513462,0.1859738826751709
920,14403.734269504224,442.63837719190303,2441,245,0.2975157491513462,0.18399858474731445
921,14403.734269504224,442.63837719190303,2441,245,0.2975157491513462,0.20399165153503418
922,14403.734269504224,442.63837719190303,2441,245,0.2975157491513462,0.45603251457214355
923,14403.734269504224,442.63837719190303,2441,245,0.2975157491513462,0.29294371604919434
924,14403.734269504224,442.63837719190303,2441,245,0.2975157491513462,0.1830427646636963
925,14403.734269504224,442.63837719190303,2441,245,0.2975157491513462,0.18604421615600586
926,14403.734269504224,442.63837719190303,2441,245,0.2975157491513462,0.2290050983428955
927,14403.734269504224,442.63837719190303,2441,245,0.2975157491513462,0.18703150749206543
928,14403.734269504224,442.63837719190303,2441,245,0.2975157491513462,0.19500088691711426
929,14403.734269504224,442.63837719190303,2441,245,0.2975157491513462,0.2119889259338379
930,14403.734269504224,442.63837719190303,2441,245,0.2975157491513462,0.18410921096801758
931,14403.734269504224,442.63837719190303,2441,245,0.2975157491513462,0.18584632873535156
932,14403.734269504224,442.63837719190303,2441,245,0.2975157491513462,0.18700504302978516
933,14403.734269504224,442.63837719190303,2441,245,0.2975157491513462,0.26099276542663574
934,14403.734269504224,442.63837719190303,2441,245,0.2975157491513462,0.4340338706970215
935,14403.734269504224,442.63837719190303,2441,245,0.2975157491513462,0.28296589851379395
936,14403.734269504224,442.63837719190303,2441,245,0.2975157491513462,0.19499778747558594
937,14403.734269504224,442.63837719190303,2441,245,0.2975157491513462,0.1790471076965332
938,14403.734269504224,442.63837719190303,2441,245,0.2975157491513462,0.19494843482971191
939,14403.734269504224,442.63837719190303,2441,245,0.2975157491513462,0.18003416061401367
940,14403.734269504224,442.63837719190303,2441,245,0.2975157491513462,0.18599271774291992
941,14403.734269504224,442.63837719190303,2441,245,0.2975157491513462,0.1820356845855713
942,14403.734269504224,442.63837719190303,2441,245,0.2975157491513462,0.1940302848815918
943,14403.734269504224,442.63837719190303,2441,245,0.2975157491513462,0.18600106239318848
944,14403.734269504224,442.63837719190303,2441,245,0.2975157491513462,0.1869983673095703
945,14403.734269504224,442.63837719190303,2441,245,0.2975157491513462,0.19803500175476074
946,14403.734269504224,442.63837719190303,2441,245,0.2975157491513462,0.4824967384338379
947,14403.734269504224,442.63837719190303,2441,245,0.2975157491513462,0.2834756374359131
948,14403.734269504224,442.63837719190303,2441,245,0.2975157491513462,0.18304204940795898
949,14403.734269504224,442.63837719190303,2441,245,0.2975157491513462,0.19199848175048828
950,14403.734269504224,442.63837719190303,2441,245,0.2975157491513462,0.18702268600463867
951,14403.734269504224,442.63837719190303,2441,245,0.2975157491513462,0.18198633193969727
952,14403.734269504224,442.63837719190303,2441,245,0.2975157491513462,0.19204092025756836
953,14403.734269504224,442.63837719190303,2441,245,0.2975157491513462,0.19395780563354492
954,14403.734269504224,442.63837719190303,2441,245,0.2975157491513462,0.19506406784057617
955,14403.734269504224,442.63837719190303,2441,245,0.2975157491513462,0.18999910354614258
956,14403.734269504224,442.63837719190303,2441,245,0.2975157491513462,0.19808244705200195
957,14403.734269504224,442.63837719190303,2441,245,0.2975157491513462,0.2179713249206543
958,14403.734269504224,442.63837719190303,2441,245,0.2975157491513462,0.497051477432251
959,14403.734269504224,442.63837719190303,2441,245,0.2975157491513462,0.25464391708374023
960,14403.734269504224,442.63837719190303,2441,245,0.2975157491513462,0.20203757286071777
961,14403.734269504224,442.63837719190303,2441,245,0.2975157491513462,0.1750030517578125
962,14403.734269504224,442.63837719190303,2441,245,0.2975157491513462,0.18997478485107422
963,14403.734269504224,442.63837719190303,2441,245,0.2975157491513462,0.19494199752807617
964,14403.734269504224,442.63837719190303,2441,245,0.2975157491513462,0.18097686767578125
965,14403.734269504224,442.63837719190303,2441,245,0.2975157491513462,0.16904306411743164
966,14403.734269504224,442.63837719190303,2441,245,0.2975157491513462,0.19603443145751953
967,14403.734269504224,442.63837719190303,2441,245,0.2975157491513462,0.18300461769104004
968,14403.734269504224,442.63837719190303,2441,245,0.2975157491513462,0.1830003261566162
969,14403.734269504224,442.63837719190303,2441,245,0.2975157491513462,0.18404173851013184
970,14403.734269504224,442.63837719190303,2441,245,0.2975157491513462,0.31899070739746094
971,14403.734269504224,442.63837719190303,2441,245,0.2975157491513462,0.3475503921508789
972,14403.734269504224,442.63837719190303,2441,245,0.2975157491513462,0.28799939155578613
973,14403.734269504224,442.63837719190303,2441,245,0.2975157491513462,0.1969594955444336
974,14403.734269504224,442.63837719190303,2441,245,0.2975157491513462,0.18799757957458496
975,14403.734269504224,442.63837719190303,2441,245,0.2975157491513462,0.20502710342407227
976,14403.734269504224,442.63837719190303,2441,245,0.2975157491513462,0.18895339965820312
977,14403.734269504224,442.63837719190303,2441,245,0.2975157491513462,0.20402216911315918
978,14403.734269504224,442.63837719190303,2441,245,0.2975157491513462,0.19002604484558105
979,14403.734269504224,442.63837719190303,2441,245,0.2975157491513462,0.19997453689575195
980,14403.734269504224,442.63837719190303,2441,245,0.2975157491513462,0.20601344108581543
981,14403.734269504224,442.63837719190303,2441,245,0.2975157491513462,0.18301010131835938
982,14403.734269504224,442.63837719190303,2441,245,0.2975157491513462,0.3689615726470947
983,14403.734269504224,442.63837719190303,2441,245,0.2975157491513462,0.34900331497192383
984,14403.734269504224,442.63837719190303,2441,245,0.2975157491513462,0.22203612327575684
985,14403.734269504224,442.63837719190303,2441,245,0.2975157491513462,0.1810300350189209
986,14403.734269504224,442.63837719190303,2441,245,0.2975157491513462,0.19100117683410645
987,14403.734269504224,442.63837719190303,2441,245,0.2975157491513462,0.22503352165222168
988,14403.734269504224,442.63837719190303,2441,245,0.2975157491513462,0.18900227546691895
989,14403.734269504224,442.63837719190303,2441,245,0.2975157491513462,0.22493219375610352
990,14403.734269504224,442.63837719190303,2441,245,0.2975157491513462,0.18700337409973145
991,14403.734269504224,442.63837719190303,2441,245,0.2975157491513462,0.18599653244018555
992,14403.734269504224,442.63837719190303,2441,245,0.2975157491513462,0.1970500946044922
993,14403.734269504224,442.63837719190303,2441,245,0.2975157491513462,0.1900501251220703
994,14403.734269504224,442.63837719190303,2441,245,0.2975157491513462,0.42299842834472656
995,14403.734269504224,442.63837719190303,2441,245,0.2975157491513462,0.32599878311157227
996,14403.734269504224,442.63837719190303,2441,245,0.2975157491513462,0.207045316696167
997,14403.734269504224,442.63837719190303,2441,245,0.2975157491513462,0.21903657913208008
998,14403.734269504224,442.63837719190303,2441,245,0.2975157491513462,0.19203472137451172
999,14403.734269504224,442.63837719190303,2441,245,0.2975157491513462,0.19102144241333008
1000,14403.734269504224,442.63837719190303,2441,245,0.2975157491513462,0.18102049827575684
